2777090
2678790
2744330
2899980
2121741
2678800
2465810
2899990
2891800
2900000
2891810
2605090
2727970
2916390
2859050
2818100
2891830
2727990
2678840
2891840
2605120
2515010
2728000
2867270
2891850
2728010
2474060
2777170
2908250
2900060
2613340
2646110
2900070
2941030
2474090
3006570
2703470
2826350
2474100
2941050
2441340
2728060
2474110
3006590
2826370
2941060
2728070
2900110
2637970
2465940
2449560
2818200
2523290
2916510
2900130
2613410
3023010
2597030
2719910
2793640
2949290
2900140
2449580
2474160
2793650
2990260
2449590
2793660
2621630
2769090
2965700
2457800
2498760
2441420
2973900
2638030
3006670
2498770
2990290
3006680
2621660
2457830
2539750
2818280
2973930
2597100
3006700
2457840
2695410
3023090
2474230
3006710
2466040
3080440
2613500
2597120
2392320
2629890
2670850
2621700
2457860
3006720
3080450
3080460
2466070
3080470
2597150
3006750
2777380
3023140
3006760
2761010
2818360
2687290
2842940
3006780
2466110
3006790
2449740
2629970
1343832
2605400
2670950
2646380
3015020
2597230
2875760
2752880
2834800
2613620
2883960
2597240
2916730
2834810
2736510
2441600
2474370
3031430
2916750
2384270
2392470
2474390
2793880
2916760
3047830
2818460
2474400
3047840
2654630
2613670
3047850
2916780
2621870
2539950
2613680
3047860
2752950
2998710
2531770
3047870
2752960
3047880
2466250
2441680
2392530
3047890
2916820
2466260
2752980
2392540
2916830
3039710
2613730
2638310
2392550
3039720
2613740
2392560
2515440
2441720
2769400
2916860
2654720
2392580
2916870
2613770
2392590
2916880
2613780
2392600
2474520
2916890
3039770
2400800
2384420
2990630
2482730
2949680
2613810
2400820
2392630
2966070
2916920
2638400
2916930
2622020
2458180
2613830
3039820
2622030
2613840
2450000
2482770
2638420
2474580
2916950
2761300
2622040
2613850
2441820
2638430
2630240
3039840
2622050
2613860
2638440
2458220
2744940
2777710
2638450
2720370
2622070
2499190
2892410
2638460
2720380
3039870
2622080
2638470
2720390
2466440
3080840
2949770
2974350
2843280
2515600
2835090
3039890
2622100
2540180
2777750
3023510
2769560
2622110
2597540
2622120
2908840
2859690
2400940
2638510
2392750
2990770
2941620
2400951
2638520
2622140
2777790
2908870
2777800
2818760
2810570
3015370
2753230
2908880
2974420
2794200
3023580
3015390
2671330
2917090
2908900
2491110
3023590
2679530
2908910
2458350
2769650
2777850
2958080
2786060
2908940
2540300
2491150
2482960
3023630
2515730
2753300
2663190
2663200
2949920
2941730
2523940
2466600
2753320
2663210
2687790
2442030
2638640
2630450
2753330
2925370
3048250
2523970
2999110
2646860
2507600
2753360
2458450
3040080
2753370
3040090
2663260
2614110
3023710
2769760
2753380
3040100
2786150
2663270
2605930
2597740
2818930
3023730
2474872
2474873
2655100
2810750
3015550
2597760
2474880
2990980
2474890
2474891
2720650
2802570
1360782
2458510
2933650
2597780
1983382
2917270
2458520
2540440
2401181
2597790
2778020
2778030
2606010
2769850
2769860
2900940
3015630
2393040
2466770
2900950
2401240
2974680
2786270
2655200
2515940
2958310
2655210
2900970
2614250
2401260
2720750
2835440
2458610
2655220
2900980
3015670
2475000
2720760
2950140
2991100
2655230
2851840
2974720
2597890
2720770
2458640
2655250
2737170
2393110
2720790
2753560
2614300
2974750
2458660
2663470
2532400
2688050
2769970
2958390
2622520
2450490
2524220
2597950
2835520
2622530
2401350
2655310
2614350
2442320
2491470
2819150
2786390
2466910
2770030
2475120
2786420
2540660
3032180
2385020
2925700
2663560
2647180
2458770
2606230
2925720
2958490
2991260
2679970
2761890
2385060
2614440
2786480
2540720
2442420
2475190
3015880
2598090
2540750
2802900
2598110
2794720
2786530
2663650
2614500
2598120
2786540
2811120
2598130
2385150
2016512
2622720
2786570
2663690
2540810
2606350
2598160
2540820
2934040
2598170
2671900
3040540
2458910
2540830
2491680
2401570
2393380
2467110
2540840
2778410
2704690
2540850
2483510
2794810
2491710
2819390
2401600
2622790
2540870
2491720
2483530
1312081
2516310
2794840
2540890
2884960
2516320
2540900
2532710
2516330
2721130
2540910
3106160
2606450
2631030
2622840
2540920
2778490
2606460
2516350
2606470
2606480
2917780
2606490
2762140
2606500
2606510
2606520
2655680
2983360
2393540
2688460
2606540
2475470
2770380
2827730
2532820
3024340
2688470
2606550
2393560
2516440
2688480
2606560
2737640
2606570
2156011
3040750
2459120
2819570
2934260
2942460
2729470
2467330
2909700
2459140
2688520
2983440
2688530
2623020
2778670
2844210
2713140
2451000
2606650
2713150
2467390
2614850
2737740
3024460
2967120
2745940
2991700
2524760
2729560
2713180
2786910
2770540
2672240
2713200
2500210
2770550
2770560
2680450
2475650
2713220
2803330
2786950
2819720
2606730
2401930
2442890
2770570
2877070
2754190
2934410
2606740
2770580
2713240
2754200
2819740
2606750
2483870
2770590
2713250
2442920
2770600
2762410
1820332
2999980
2459310
2770610
2795190
2959030
2770620
2467520
2770630
2680530
2959060
2787030
2451160
2770650
2762460
2803420
2500320
2483940
2770660
2475750
2778860
2770670
2803440
2705140
3065590
2770680
2533120
2647810
2688770
2770690
2713350
2615050
2533130
2770700
2623250
2983700
2770710
2803480
2778910
2533150
2688800
2770720
2778920
2615080
2606890
2770730
2533170
2770740
2778940
2533180
2402110
2443070
2770750
2778950
2533190
2402120
2443080
2770760
2803530
2778960
2656080
2484050
2770770
2885460
2393940
2631510
2656090
2860890
2606940
2402140
2770780
3000160
2623330
2778980
2656100
2606950
2492260
2770790
2508650
2459500
2656110
2770800
2779000
2738040
2606970
2770810
2631550
2656130
2770820
1828741
2836360
2746250
1927051
2656140
2901900
2770830
2639760
2475920
2918290
3000210
2746260
3008400
2779030
2656150
2738070
2770840
2803610
2992020
2705310
2770850
3008420
2983850
2770860
2623410
2656180
2860980
2615220
2770870
2656190
2770880
2795460
2615240
2729930
2770890
2795470
2746320
2770900
2803670
2770910
3016670
2770920
2811880
2467820
2623470
2459630
2861040
2770930
2631670
2672630
2459640
2770940
2779140
2770950
3016710
2402320
2770960
2811920
2459670
2770970
2992160
2770980
2770990
2885680
2820150
2771000
2852920
2771010
2631750
2615370
2771020
2476110
2795600
2959440
2459730
3106900
2820180
2771030
2885720
2639960
2394200
2943070
2771040
2443360
2713700
2615400
2771050
2443370
2803820
2631790
2795630
2459760
2779250
2771060
2803830
2754680
2910330
2459770
2451580
2771070
2852990
2713730
2623620
2459780
2820230
2992260
2771080
2443400
2631820
2459790
2771090
2443410
2623640
2451610
2771100
2443420
2394270
2803870
2910370
2459810
3025070
2599090
2476210
2664630
2459830
1829051
2844860
2386110
2386111
2705600
2451650
2738370
2894020
2386120
2386121
2705610
2386122
2779340
2533580
2771150
2648270
2681040
3041480
2779350
2771160
2705630
2713830
2468070
2705640
2459880
2754790
2738410
2681080
2476280
2631930
2631940
2713860
2615560
2484490
2476300
2631950
2918670
2787600
2672910
2713870
2631960
2918680
3000600
2631970
2509090
2902310
2615590
2533670
2722090
3041580
2533680
2640180
2631990
2451770
2984250
2885950
2632000
2451780
2484550
2885960
2632020
2607450
2632030
2509150
2689380
2632040
2509160
2689390
2886000
2509170
2820470
2689400
2484600
2722170
2632060
2951550
2820480
2689410
3049860
2509190
2689420
2509200
2689430
2886040
2394520
2632090
3049880
2738590
2886050
2615720
2689450
2607530
2886060
2763180
3049900
2886070
3049910
2795960
2468281
2443710
2812350
2886080
3049920
2795970
2820550
2648520
2886090
2877900
2787790
2648530
2886100
2927060
3008980
3082710
2705880
2886110
3082720
2861540
2853350
2886120
2877930
2902510
2771440
2853360
2927090
2812400
2714100
3000820
2787830
3049970
3082740
2771450
2648570
2853370
2476540
3082750
2460160
2451970
2853380
2894340
3049990
2386440
3000840
2853390
2714130
2697750
2615830
3017240
2959900
2869790
2681380
3041830
2787880
2861610
2607670
2681400
2918970
2861630
2484800
2632260
2624070
3025480
2632270
3041870
2861650
2632280
2861660
2615900
2697820
2452060
2632290
2673250
2787940
2861670
2607720
2640490
2845290
2632300
2468460
2787950
2755180
2861680
2632310
3000950
2460280
2615930
2771580
2771590
2804360
2468500
2828950
2452120
2771610
2706080
2779810
2861730
2771620
2960040
1567401
2861740
2771630
2468530
2951860
2861750
2697910
2452150
2656960
2771650
2829000
2861770
2771660
2861780
2501340
2493150
2468580
2771690
3025650
2697980
2870020
2648840
2689800
2394890
2476810
2763530
3017480
2648850
2804500
2665240
2706200
2460440
2452250
2648860
2747160
2992930
2648870
2648880
2960180
2648890
2517820
2698050
2820930
2648900
2853700
2444100
2517830
2771790
2853710
2468690
2771800
2648920
2632540
2509670
2648940
3009390
3042170
2624380
2739070
2820990
2853760
2608000
2485120
2747270
3033990
2493320
2853770
2485130
3009420
2386830
2468750
2648980
2648990
2485150
2624420
2984870
2649000
2804650
2649010
2485170
2476980
2804660
2698170
2616250
2649020
2444220
2485180
2984890
2649030
2673610
2706380
2804690
2673620
2468820
2706390
2649050
2714590
1977312
2706400
3034080
2649060
2649070
3017710
2468850
2624500
2706420
2477050
2804730
2468860
2640900
2845700
2624520
2534410
3025930
2927630
2468880
2706450
2706460
2747420
2509860
2092072
2616360
2395180
2395181
2395182
2395183
2780210
2944050
2501690
2452540
2468930
2501700
2731080
2640970
2886730
2927690
2501710
2952270
2452560
2690130
2731090
2460760
2501720
2493530
2952280
2452580
3026020
2632810
2452590
2952310
2968700
3042430
2788480
2706560
2788500
2952340
2698390
2895000
2632860
2952350
2534560
2968750
2952370
2600120
2763960
2723010
2624710
2493640
2477260
2878670
2952400
2395350
2395351
2796760
2526440
2485500
2682110
2460930
2714890
2788620
2690320
2805010
2469140
2698520
2616600
2772250
2444570
2501920
2698530
2616610
2395430
2805030
2698540
2616620
2501940
2698550
2616630
2501950
2616640
2714950
2780490
2616650
3001680
2747730
2616660
2641240
2624860
2698590
2616670
2682210
2518370
2674020
2805090
2698600
2682220
2518380
2469230
2624880
2469232
2780530
2616690
2952560
2813300
2682240
2616710
2887050
2477450
3083660
2747790
2829710
3108240
2616720
2985360
2641300
3009940
2616730
2641310
2682270
2633120
2788770
2682280
2395560
3108270
2616750
2682290
2469300
2837940
2665910
2985400
2403770
2641340
2682300
2665920
2747840
3108290
2403780
2641350
2715080
2665930
2657740
2403790
2641360
2665940
2403800
2477530
2403810
2641380
2682340
2600420
2805220
2665960
2682350
2706930
2682360
2756090
2665980
2780670
2403840
2444800
2641410
2682370
2477570
3001860
2657800
2477580
2461200
2747920
2666010
2453020
2887200
2387490
2666020
2690600
2633260
2625070
2911790
2477620
2666040
3026490
2625090
2666050
3018310
2682440
2764360
2805320
2666060
2625110
2666070
2813530
2666080
2813540
2756200
2805360
2707060
2469500
2625150
2494080
3018370
2682500
2625160
2895500
2731660
2895510
2444950
2895520
2813600
2600610
2674340
2494120
2813610
2674350
2453170
2895540
2813620
2846390
2805430
2846400
2395840
2674370
3002050
2395850
2674380
2756300
2772690
2895570
2395860
2813650
2756310
2780890
2617050
2813660
2846430
3043040
2895590
2846440
2395880
2674410
3034860
2985710
2895600
2813680
2600690
2674420
2748150
2985720
2518780
2764540
2674430
2985730
2674440
2985740
3018510
2682640
2797330
2985750
2690840
2707230
2748190
2617120
2846500
2879270
2486060
2846510
2674480
3018550
2887480
2846520
2797370
2789180
2895680
3100480
2846530
3010370
2674500
2715460
2625360
2666320
2953040
2985810
2486100
2846550
3002200
2625370
2617180
2608990
2805600
2985830
2895720
216938
2822000
2895730
2731890
2641790
2682750
2633600
2469760
2469770
3108750
2740120
2764700
2928540
2781100
3018670
2887600
2478010
2797510
2904010
2527180
2494420
2985940
2764760
2625500
2617310
2469860
2904040
2494440
2633710
2904050
2494450
2691060
2527220
2723830
2904060
2527230
2641920
2478080
2633730
2387970
2723840
2756610
2904070
3026950
2387980
2756620
2797580
3002390
2625560
2732060
2887710
2519070
2904100
2797610
2904110
2936880
2519090
2756660
3076150
2904120
2519100
2871360
3018820
2625610
2904140
2494540
2936910
3027020
2805840
2756690
2904150
3010650
2625630
3100770
2764900
2871400
2994280
1118314
3076200
2904180
2625660
3076220
2904190
2601090
3076230
2437260
2748560
3076240
2617490
2396310
2666650
3109020
2691230
2879650
2994340
3076260
3109030
2781350
2445480
2937000
2519210
2699440
2846900
2805940
3076280
2699450
2969790
2699460
2691270
2527430
2765000
3027150
2445520
2642130
2969810
2674900
2699480
2478300
3035360
2781410
2478310
2756840
3035370
2699500
2535660
2814190
2461940
2699510
2773240
2830590
2699520
2945280
2478340
2986250
2642190
2388240
2478360
2634010
2994460
2601250
2478370
2388260
2781480
2838830
2797870
3035440
3109170
2453810
2691380
2912570
3035450
2847040
2519360
2928960
3010880
2789700
2216261
2912580
2773320
2625870
2748750
2863440
3035470
2928980
2675030
2715990
2912600
2912610
3035490
2912620
2765170
2388340
2904440
2453880
2666880
3060100
2912650
2437520
2478480
2716050
2912660
3060120
2806170
2478491
2388380
2912670
3035550
2773410
2863530
2732460
2912690
2462130
2699700
2453940
2494900
2953650
2806200
2871740
2912700
2773440
2396610
2634180
2912710
2748870
2642380
2863570
2658770
2822610
2634200
2871770
2863580
2658780
2863590
2617840
2814450
2871800
2863610
2658810
2454010
2535930
2814460
2798080
3002880
2871810
2658820
2814470
2871820
2658830
2814480
2642450
2511380
2871830
2658840
2814490
2683420
2658850
660010
2462250
2658860
2486830
2716210
2495030
2945590
2396730
2912830
2454080
2396750
2519630
2667090
2871900
2855520
2626150
2658920
2617960
2855530
2658930
2454130
2724470
2519680
2921090
2658950
2658960
2388630
2691740
660130
2462370
2658980
3019430
2658990
2536110
2642610
2470580
2626230
2953910
2650810
2650820
2634440
2470600
2626250
2749130
2683600
2626260
2396890
2822880
2724580
2970340
2626280
2446060
2470640
2626290
2495220
2437880
2880250
2609920
2446090
2724620
2839310
2667280
2708240
2609940
1700632
2839320
3003160
2822940
2634530
2839330
2618150
2609960
2765610
2839340
2609970
2888500
2839350
2716470
2790200
2528060
2487100
2839360
2609990
2478920
2839370
2470730
2872140
2700110
2536270
2610000
2610010
2913120
2462560
2814820
2642790
2462570
2610030
2642800
2626420
2462580
2610040
2839420
2610050
2839430
2495370
2741130
2839440
2610070
2937750
2519960
2782110
2536350
2773920
2519970
2995110
2905000
2454440
2519980
2626480
2519990
2626490
2618300
2823100
2520010
2962380
2495440
2438100
2626520
2397150
2503650
3109860
2806760
2634730
2470900
2790390
2503670
2692090
2397180
2913280
2692100
1897482
2667530
3077130
2692110
2487310
2683920
2692120
3036190
2692130
2528290
2634790
2880550
2905130
2700330
2692140
2528300
2823210
2511920
2798640
2692150
2634810
2880570
2626620
2716730
2454590
2798650
2692160
2610240
2765890
2389060
2716740
2790470
2880590
2389070
2716750
2692180
1496152
2765920
2634850
2471010
2692200
2528360
2397290
2389100
2716780
2626670
2757740
2782320
2700400
2692210
3028080
2634870
2389110
2741370
2528380
2765950
2389120
2471040
2716800
2536580
2528390
2438280
2790540
2692240
2487440
2389140
2962580
2782360
2634910
2536610
2823330
2815140
2634920
2389160
2757800
2479280
2634930
1496243
3036340
2512060
3118270
2806980
3003590
2782410
2806990
2438360
2651360
2438370
2659560
3069160
2487550
2749700
2495750
2487560
2913550
2462990
2692370
2610450
2487570
2766100
2929940
3118360
2913560
2503960
2610460
2446620
2790690
3044650
2815280
2749750
2454840
3061050
2446660
2929990
3093830
2389320
3085640
2798920
2700630
2397530
2504030
2463070
2454880
2946400
2446690
2717030
2446700
2487660
2880880
2446710
2528630
2389390
2389391
2389392
2389394
2987410
2831770
2913700
2463140
2831780
2856360
2610600
2610610
2733490
3118520
2618820
2495940
2733510
2749900
2889170
3118550
2971100
3044830
2790880
3044840
3118570
2397680
2971120
3118580
2627060
2831860
2987510
2815480
3044860
2700800
2938370
2815490
3044870
2938380
2684430
2627090
2749970
2496020
2938390
2512410
2758170
3044890
2938400
2471460
3044900
2938410
3118640
2471480
3044920
2823740
3094080
2471490
2872900
2823750
3094090
3003980
3044940
2774610
2389590
2471510
2831960
2463330
2487910
3020390
2602600
2635370
2602610
2471540
2602620
2619010
2610820
2446980
2602630
2389640
2791050
2537100
2602640
2971280
2823830
2602650
2635420
2455200
2651810
2602660
2963110
3028650
2651820
2815660
2602670
2463410
2651830
3020470
2602680
2873020
2643650
2651850
2447050
2528970
2701010
2610900
2504410
2528990
2668260
2856680
2488040
3012330
2799340
2651890
2815730
2963190
2619130
2823930
2119422
2455300
2823940
3028740
2643720
2537230
2692880
3020560
2791190
2783000
3028760
2987800
2438940
2807580
2537250
2807590
3045160
3028780
2881330
3036980
2537270
2447160
3028800
2635590
2799430
2537290
2611020
2488140
2398050
2791280
2398070
2807670
2455420
2987900
2922370
2832260
2455430
2611080
2602890
3012490
2783120
2455440
2602900
2725780
2906010
2455450
2856860
2602910
3004320
2455460
2856870
2480040
2807720
2799530
3037100
1275822
2455470
2529200
2512820
2955190
2619320
2652090
2512830
2660290
2856900
2488260
2627530
2987980
2602960
2512850
2914260
2602970
2725850
2512860
2988000
2856930
2512870
3045360
2537460
3028980
2603000
2480120
2758660
2856970
2603020
2783250
2848790
2627610
2619420
2537500
2635810
2177061
2684970
2971690
2676780
2512940
2799660
3029040
2512950
2832440
2742330
2857020
2512960
2824260
2857030
2512970
2857040
2512980
3020890
2685020
2512990
2930790
2513000
2955370
2463860
2660470
2398330
2865280
3029120
2611330
2807940
3037320
2619540
2881690
3029150
2652340
2816180
3070140
2816190
3020990
2398400
2595010
2824390
3102930
2717910
3102940
2717920
2627810
2898150
2636010
2439410
2988280
2504960
2455810
2824450
2767110
2627850
2742540
2849040
2636050
2799890
2898200
2447650
2767140
2963760
2914610
3037490
2496820
2857270
2808120
2595130
2824510
2775360
2890050
3004740
2914630
2505030
2808140
2791760
2734420
2914650
2775390
2857310
2603360
2734430
2390370
2718050
2783590
2775410
2595190
2775420
2881920
2709890
2775430
2734470
1825161
2881930
2709900
1808781
2537870
2775440
2447760
2644370
2890130
2931090
2972050
2709910
3029400
2890140
2636190
2709920
2619810
2529700
2890150
2619820
2857390
2931120
2881970
2718130
2619830
3021240
2890170
2398650
2922940
2628030
2914750
2496960
2292161
2890180
2603460
2398660
2693580
2693590
2890200
2636250
2709980
2816480
2890210
2849250
2595300
2472420
2709990
2963940
2447850
2890220
2710000
2857460
2849270
2398710
2628090
2710010
2832890
2398720
2710020
2497030
2693640
2890250
2398730
2718220
2767370
2628110
2914830
2710030
2890260
596501
2710040
2726430
2710050
2497060
2488870
2718250
2775600
2398770
3013170
2677300
2988600
2595390
2628160
2775620
2513480
2628170
2792010
3037770
2529870
2726480
2628180
2521690
2472540
2628190
2816610
2800230
2628200
2529900
2857590
2644600
2398840
2628220
2914940
2382460
2849410
2914950
2874000
2620050
2456210
2890390
3013270
2792090
2833050
662172
2988700
2390690
2783910
2701990
2620070
2472620
2464430
2751150
2833070
2988720
2636470
2792120
2751160
2620090
2751170
2620100
2898630
3062470
2439880
2513610
2751180
2620110
2898640
2628310
2751190
2620120
2808540
2595550
2800350
2874080
2915040
2620130
2751200
2685670
2751210
2620140
2857710
1383152
2685680
2620150
2767610
2702080
2620160
2685700
2702090
2775820
2702100
2857750
2685720
3087130
2915100
2620190
2857760
2636580
2620200
2857770
2685740
1375021
2603820
2792240
2751280
2620210
2685750
2603830
2792250
2464570
2620220
2685760
2865990
2685770
2603850
2513740
2857810
2685780
2603860
2759510
2800470
2448220
2939740
2464610
2784100
2685800
2603880
3038060
2661230
2947950
2857840
2685810
2399090
2792310
2620280
2857850
2685820
2685840
2472850
2997140
2636700
2628510
2702240
2948000
2694050
2767780
2382763
2448300
2481070
2997170
2497460
2481080
2898880
2612160
2841540
2464710
3038150
2612170
2448330
2530250
2948050
2612180
2530260
2816980
2841560
2472920
2612190
3005410
2530280
2808820
2522110
3038210
2530310
2456590
2653200
2530320
2636820
2464790
3013660
2669600
2645030
2636840
2669610
2710570
2669620
2464820
2456630
2948150
2448440
2645050
2399290
2636860
2669630
2382910
2620480
2743360
2612290
2645060
2399300
2669640
2620490
2489420
2645070
2604110
2636880
2595920
2628690
2923600
2440280
2456670
2645090
2440290
2473060
2645100
2849900
2997360
2858100
2645110
2440310
2636920
2522230
2702460
2645120
2440320
2768000
2382980
2448520
2636940
2915470
2645140
2808980
2882710
2964630
3021980
2473120
2473121
2604200
2768040
2718900
2776250
2456770
2743490
2776260
2948290
3022020
2514120
2743500
2825420
2948300
2399440
2448600
2604250
2931930
2882780
2669790
2751710
2604260
2882790
2940140
2637040
2882800
2825460
2612470
2112761
2882810
2710780
3038460
2825470
3030270
2882820
2776330
2612490
2768140
2882830
2645270
2882840
2628890
3038490
2989340
2776350
2882850
2514210
2800930
2514220
2743600
3030320
2768180
2882870
2514230
2604350
2637120
2514240
2456900
2612550
2686280
2604360
2882890
2440530
2882900
2456920
2530650
2850140
2923870
2465120
2694500
2850150
2628970
2792810
2465130
2850160
2481530
2710910
2465150
2629000
2465160
2784650
2620820
2538900
2497940
2506140
2751900
2497950
2391460
2506150
2751910
2538920
2497960
2629040
2506160
2604470
3005880
2383290
2506170
2457020
2497980
3030460
3038660
2538960
2170321
2530770
2768340
2530780
2440670
2506210
2538980
2498020
2809320
2506220
2465270
2457080
2498040
2481660
2506240
2481670
2809350
2391560
2506250
2481680
2514450
2506260
2506270
2481700
2506280
2686510
2481710
2719280
2997810
2383411
2989620
2383413
2383415
2383420
2506300
2743870
2989630
3038780
2481730
2883140
2391620
2383430
2866760
2989640
2899530
2768460
2612820
2440790
2383450
3038810
2621020
2989660
2817630
2686560
2719330
2874980
2383460
2473580
2874990
2702960
2989680
2817650
2842230
2801270
2875000
2702970
2702980
2989700
2498190
2612880
2817680
2875030
2703000
2604700
2383520
2899620
2481830
2875050
2825900
2866870
2703030
2457270
2932410
2866880
2703040
2735810
2793160
2703050
2399950
2473680
2719440
2875090
2866900
2703060
2440920
2727640
2916060
2866910
2784990
2703070
2399970
2866920
2989800
2760430
2383600
2465520
2449140
2809590
2719480
2760440
2817790
2809600
3014400
2989830
2801420
2752270
2449170
2449171
2531090
3039000
2539290
2989860
2613030
2948910
2531120
3022650
2662210
2637640
2506570
2473810
2629460
2695000
2449240
2908000
2449250
2932580
2842470
2760550
2629480
2621290
2883440
3006320
2957170
2457460
3022710
2744190
2400130
2629510
2662280
2940810
2686860
2760590
2998160
2662290
2908050
2891670
1941401
2621340
2449310
2604960
2391970
2449320
2891690
2441130
2883500
2678700
2662320
2908080
2449330
2531250
2482100
2744240
2678710
2662330
2908090
2613180
2449340
2678720
2383810
2957250
2662340
2613190
2449350
2891720
2400200
2678730
2449351
2662350
2990030
2449360
2932690
2678740
2662360
2908120
2449370
3031000
2605020
2678750
2965470
2662370
2908130
2678760
2662380
2891760
2400240
2678770
2629620
2891770
2678780
2916350
