2621440
2867200
2883590
2629640
2875400
2621450
2867210
2793480
2637840
2629650
2875410
2777110
2629660
2875420
2867230
2793500
2777120
2670620
2646050
2637860
2883620
2629670
2793510
2670630
2777130
2646060
2637870
2883630
2629680
2793520
2867250
2785330
2777140
3121210
2670650
2621500
2785340
2777150
2637890
2883650
2629700
2621510
2637900
2883660
2629710
2670670
2621520
2883670
2629720
2875480
2621530
2867290
2793560
2629730
2875490
2867300
2670690
2777190
2646120
2883690
2621550
2867310
2785390
2646130
2883700
3113080
2621560
2777210
2646140
2637950
2883710
2629760
2875520
2621570
2867330
2670720
2646150
2637960
2875530
2793610
2621580
2867340
2785420
2777230
2646160
2670730
2883730
2629780
2875540
2793620
2670740
2777240
2883740
2629790
2875550
2867360
2777250
2637990
2883750
3121320
2629800
2621610
2867370
2785450
2777260
2638000
2875570
2670770
3113140
2621620
2777270
2638010
2629820
2785470
2875590
2621640
2785480
2777290
3129550
3121360
2629840
2621650
2867410
2793680
2785490
2670800
2638040
2883800
2875610
2793690
2867420
2785500
2777310
2638050
2883810
2793700
3113190
2621670
2785510
3129580
2883820
2875630
2793710
2621680
2867440
2777330
2670830
2883830
2875640
2793720
2621690
2867450
2777340
2638080
2883840
2875650
2793730
2867460
2638090
2883850
2629900
2875660
3113230
2621710
2867470
2670860
2638100
2883860
2875670
3113240
2621720
2785560
2883870
2875680
2621730
2785570
2883880
2629930
2875690
2621740
2670890
2777390
2638130
2883890
2629940
2875700
2621750
2867510
2793780
2670900
2638140
2883900
2629950
2875710
2621760
2793790
2785600
2777410
2638150
2883910
2629960
2875720
2621770
2867530
2785610
2670920
2638160
2883920
2875730
2793810
2867540
2785620
2777430
2793820
2621790
2867550
2638180
2883940
2621800
2883950
2867570
2777460
2630010
2621820
2785660
2777470
2638210
2883970
3121540
2630020
2621830
2875780
2867590
2793860
2785670
2777480
2883980
2670980
2630030
3113360
2867600
2785680
2638230
2883990
2671000
2867610
2785690
2777500
2638240
2884000
2875810
2671010
2621860
2867620
2638250
2884010
3121580
2630060
2875820
2867630
2785710
2777520
2671020
2638260
2884020
2630070
2671030
2867640
2785720
2638270
2884030
2630080
2671040
3113410
2867650
2785730
2884040
3121610
2793930
2621900
2671050
2777550
2638290
2884050
2671060
3113430
2621910
2785750
2777560
3129820
2875870
2793950
2621920
2671070
2884070
2630120
2793960
2671080
2777580
2630130
2671090
2621940
2867700
2777590
2793980
2621950
2777600
2875910
2671110
3113480
2621960
2785800
2777610
2638350
2630160
2875920
2794000
2785810
2777620
2671120
2638360
2671130
3113500
2621980
2867740
2884130
2794020
2671140
3113510
2621990
2867750
2785830
2777640
2630190
2794030
2785840
2777650
3129910
2638390
2630200
2671160
2785850
2630210
2794050
2622020
2785860
2777670
2671170
2638410
2884170
2630220
2875980
3113550
2622030
2867790
2794060
2777680
2638420
2671190
2622040
2867800
2777690
2638430
2884190
2876000
2794080
2785890
2671200
2777700
2884200
2630250
2794090
3113580
2867820
2785900
2671210
2638450
2884210
2630260
2794100
2867830
2785910
2777720
2884220
2794110
2622080
2867840
2785920
2777730
2638470
2785930
2884240
2794130
2622100
2630300
2876060
2622110
2794140
2785950
2777760
2884260
2630310
2876070
3113640
2622120
2671270
2638510
2884270
2794160
2671280
2785970
2638520
2884280
2671290
3113660
2876100
2794180
2622150
2867910
2785990
2638540
2630350
2876110
2622160
2867920
2671310
2670430
2638550
2630360
2622170
2867930
2777820
2638560
3121890
2630370
2622180
2876130
2867940
2794210
2777830
2630380
2876140
2638580
2630390
2876150
2622200
2867960
2794230
2671350
2630400
2876160
2622210
2867970
2794240
2777860
3130120
2630410
2876170
2622220
2867980
2794250
2630420
2794260
2622230
2867990
2786070
2777880
2638620
2630430
2876190
2622240
2868000
2786080
2777890
2638630
3121960
2630440
2876200
2794280
2786090
3121970
2794290
3113780
2622260
2786100
2794300
2622270
2868030
2786110
2638660
3121990
2630470
2868040
2786120
2777930
2638670
2876240
2794320
2868050
2786130
2777940
2671440
2638680
2630490
2876250
3113820
2622300
2868060
2794330
2786140
2777950
2630500
2630510
2876270
2868080
3130230
2638710
2630520
2868090
2638720
2884480
2794370
2671490
2868100
2638730
2671500
2622350
2638740
2876310
3113880
2638750
2884510
2876320
2794400
2786210
2778020
2638760
3122090
2876330
2794410
2786220
2778030
2884530
2671540
2622390
2786230
2778040
2638780
2884540
2876350
2794430
3113920
2622400
2868160
2786240
2778050
2671550
2638790
2622410
2786250
2638800
2876370
2794450
3113940
2622420
2868180
2786260
2638810
2876380
2794460
2868190
2638820
2876390
2794470
3113960
2622440
2868200
2786280
2638830
2794480
2671600
2622450
2868210
2638840
2884600
2671610
2622460
2786300
2884610
2876420
2794500
2622470
2786310
3122190
2876430
2622480
2868240
2794510
2786320
2671630
2638870
3122200
2876440
3114010
2638880
2884640
3122210
2630690
2622500
2876450
2868260
2794530
2786340
2671650
2630700
2876460
2622510
2868270
2786350
2778160
2671660
2638900
2884660
2876470
2794550
2786360
2671670
2638910
2884670
2876480
2794560
2868290
2786370
2778180
2671680
2630730
2794570
2622540
2786380
2884690
3122260
2630740
3114070
2876500
2778200
2671700
2884700
2876510
2671710
2786400
2884710
2630760
2876520
2622570
2671720
2778220
3130480
2884720
2630770
2876530
2671730
2778230
2630780
2794620
2671740
2638980
2884740
2794630
2671750
2786440
2778250
3130510
2638990
2884750
2794640
3114130
2786450
3130520
2639000
2630810
3114140
2868380
2778270
3130530
2639010
3122340
2630820
2622630
2876580
2868390
2794660
2778280
2671780
3130540
2639020
2630830
2884780
2876590
2868400
2794670
2778290
2671790
3130550
2639030
2884790
2876600
2794680
2786490
2671800
3130560
2639040
2630850
2884800
2622660
2876610
2794690
2786500
2671810
3130570
2639050
2630860
2884810
2622670
2876620
2778320
3130580
2630870
2876630
2622680
2868440
2794710
2786520
2778330
2884830
3114210
3130600
2884840
2630890
2876650
2794730
3130610
2639090
2630900
2884850
3114230
2622710
2868470
2794740
2778360
3130620
2884860
2630910
2876670
2794750
2778370
3130630
2639110
2630920
2884870
2622730
2876680
2868490
2794760
3130640
2639120
2630930
2884880
2868500
2778390
2884890
2630940
2876700
3114270
2786590
2639140
2884900
2630950
2794790
2868520
2786600
2884910
2876720
2794800
3114290
2622770
2786610
2778420
2884920
2630970
2876730
2622780
2868540
2786620
2778430
2630980
2876740
2868550
2794820
2786630
2630990
2876750
2622800
2794830
2778450
2631000
2876760
2622810
3122530
2631010
2622820
2876770
2868580
2778470
2884970
2631020
2876780
3114350
2622830
2868590
2778480
2876790
2794870
2868600
2786680
2639230
2884990
2631040
2876800
2622850
2794880
2786690
2778500
2639240
3122570
2631050
2622860
2876810
2794890
2786700
2778510
2639250
2631060
2622870
2868630
2786710
2794910
2622880
2868640
2786720
2778530
2639270
2876840
2794920
2868650
2778540
2639280
2631090
2876850
2622900
2868660
2794930
2639290
2631100
3114430
2868670
2778560
2639300
2885060
3122630
2794950
2622920
2778570
2876880
2778580
2639320
2631130
2876890
2868700
2794970
2786780
2778590
2639330
3122660
2631140
3114470
2876900
2786790
2778600
2639340
2631150
2876910
2794990
2639350
2795000
2622970
2868730
2786810
2639360
2876930
2868740
2786820
2778630
2786830
2778640
3122710
2876950
2623000
2868760
2795030
2786840
2639390
2885150
2876960
2795040
2623010
2778660
2631210
2876970
2639410
2631220
2876980
3114550
2623030
2786870
2778680
2639420
3122750
2631230
2623040
2778690
2631240
2877000
2623050
2868810
2795080
2786890
2885200
2778710
2877020
2795100
2778720
2639460
2631270
2877030
2623080
2795110
2786920
2778730
2885230
2631280
2795120
2623090
2786930
2778740
2639480
2885240
2631290
2795130
2623100
2868860
2786940
2778750
3122820
2631300
3114630
2877060
2778760
2639500
2885260
2795150
2868880
2778770
2639510
2885270
2877080
2795160
2786970
2778780
2885280
2631330
2795170
2786980
2778790
3122860
2631340
2623150
2868910
2795180
2885300
2623160
2868920
2787000
2639550
2631360
2877120
2623170
2868930
2787010
2631370
2877130
3114700
2623180
2787020
2778830
2639570
2885330
2631380
2868950
2778840
2639580
2885340
2631390
2877150
2623200
2778850
2639590
2885350
2631400
2795240
2787050
2639600
2877170
2795250
2623220
2868980
2787060
2778870
2639610
3122940
2623230
2868990
2778880
2639620
3122950
2631430
2623240
2877190
2869000
2795270
2778890
2639630
2885390
2631440
2869010
2778900
2639640
2885400
2631450
2795290
3114780
2623260
2869020
2877220
2623270
2869030
2787110
2778920
3131180
2639660
3122990
2631470
2623280
2869040
2631480
2877240
2869050
2795320
2778940
2639680
2631490
2869060
2778950
2639690
2885450
2877260
2778960
2639700
2795350
2623320
2885470
2631520
2877280
2787170
2778980
2639720
2631530
2795370
2623340
2787180
2639730
2631540
2877300
2795380
2787190
2877310
2623360
2787200
2779010
2639750
2885510
2631560
2795400
2623370
2787210
2779020
2885520
2631570
2877330
2795410
3106710
2639770
2631580
3123100
2623390
2877340
2779040
2639780
2885540
2877350
2795430
2623400
2787240
2885550
2631600
2877360
2795440
2639800
2631610
2795450
2623420
2885570
2631620
2877380
2623430
2779080
2639820
2885580
2631630
2877390
2623440
2779090
2639830
3123160
3106780
2639840
2885600
2795490
2639850
2631660
2795500
2639860
2795510
2779130
2885630
2623490
2639880
2631690
2787340
3106830
2779150
3131410
2631700
3106840
2631710
2877470
2787360
3106850
2639910
2877480
3115050
2787370
3106860
2779180
2631730
2623540
3106870
2779190
2639930
2885690
2631740
2877500
3115070
2869310
3106880
2639940
2885700
2877510
3115080
2623560
2869320
2885710
2631760
2877520
3115090
2623570
2787410
2631770
2623580
2869340
3106910
2779230
3123300
2631780
3115110
2623590
3106920
2877540
2869350
2787430
2639980
2877550
2869360
2787440
2631800
2877560
2623610
2787450
2779260
2640000
3123330
2631810
2877570
2779270
2640010
2779280
2877590
2869400
2779290
2640030
2631840
2623650
2869410
2640040
2885800
3123370
2623660
2779310
2771120
2640050
2885810
2631860
2869430
2779320
2771130
2640060
2631870
2623680
2869440
3107010
2640070
2885830
2877640
2623690
2869450
3107020
2640080
2885840
2631890
2623700
2885850
2877660
3131620
2885860
2631910
2623720
2869480
2771180
2640110
2885870
2631920
2877680
2623730
2869490
2779380
2771190
2623740
2869500
2787580
2779390
2640130
2885890
2877700
2623750
2787590
2779400
2771210
2631950
2623760
2869520
2771220
2885910
3123480
2631960
2623770
2877720
3107100
2869530
2771230
2885920
2631970
2623780
2787620
3107110
2771240
2640170
2869550
2787630
2779440
2771250
2885940
2631990
3115320
2623800
3107130
2869560
2787640
2640190
2885950
2632000
2877760
2623810
2869570
2779460
2771270
2640200
2885960
2623820
3107150
2771280
3123540
2632020
3115350
2623830
2787670
2779480
2771290
2640220
2623840
2771300
2640230
2877800
3115370
2623850
2779500
2771310
2886000
2632050
2623860
2787700
2771320
2640250
2623870
2787710
2779520
2771330
2632070
2623880
2787720
3107210
2779530
2771340
2632080
3115410
2623890
3107220
2869650
2771350
2886040
3123610
2877850
2623900
2787740
2886050
2623910
2787750
2779560
2886060
2632110
2623920
2869680
3107250
2640310
2886070
3123640
2632120
2623930
2877880
2869690
2787770
2779580
2886080
2623940
2869700
3123660
2632140
2623950
2779600
2886100
3115480
2623960
2640350
2886110
2632160
2623970
3107300
2640360
2886120
2623980
2779630
2640370
2886130
2632180
2877940
3115510
2779640
2640380
2886140
2877950
2869760
2787840
2779650
2640390
2886150
2787850
3107340
2779660
2640400
2886160
2877970
2624020
2640410
2886170
2779680
2640420
2624040
2771500
2640430
2878000
2869810
2787890
2640440
2624060
2787900
2779710
2640450
2878020
2771530
2640460
2787920
2779730
2640470
2878040
2624090
2779740
2878050
2869860
2779750
2771560
2878060
3107440
2771570
2886260
2624120
2787960
2771580
2886270
2632320
2624130
2869890
2787970
2771590
2640520
2886280
2632330
2869900
2886290
2878100
2779800
2771610
3123870
2878110
2869920
2771620
2640550
2886310
2632360
2878120
2788010
2771630
2640560
2886320
2869940
2788020
3107510
2779830
3132090
2640570
3123900
2886330
2624190
2878140
2869950
2779840
2771650
2640580
2886340
2878150
2624200
2869960
2788040
2779850
2771660
2878160
2869970
2788050
3107540
2771670
2640600
2886360
2878170
2624220
2788060
2779870
2771680
2640610
2632420
2878180
2624230
2869990
2788070
2779880
2886380
2632430
2624240
2788080
2640630
2878200
2870010
2788090
2779900
2771710
2640640
2632450
2788100
2640650
2632460
2870030
2771730
2640660
2886420
2632470
2878230
2779930
3124000
2632480
2870050
2788130
3107620
2886440
3124010
2632490
2624300
2788140
2771760
2640690
2886450
2878260
2624310
2870070
2632510
2878270
3115840
2624320
2771780
2640710
2886470
2878280
3115850
2624330
2779980
2640720
2886480
3124050
2624340
2779990
2886490
2878300
3107680
2771810
2886500
2632550
2878310
3115880
2624360
2870120
2788200
2771820
2640750
2632560
2878320
2624370
2870130
3107700
2788210
2780020
2771830
2640760
2886520
2632570
2878330
2788220
2780030
2771840
2640770
2886530
2878340
2624390
2870150
2788230
2780040
2771850
2886540
2632590
2624400
2870160
2788240
2771860
2878360
2624410
2870170
2788250
2640800
2886560
2878370
2780070
2640810
2886570
2632620
2878380
2624430
3107760
2780080
2771890
2886580
2632630
2870200
2780090
2771900
2640830
2886590
2632640
2878400
2780100
2771910
2640840
3124170
2632650
2624460
2870220
2771920
2640850
2886610
2624470
2780120
2771930
2640860
2878430
3116000
2624480
2640870
2878440
2870250
2788330
2771950
2640880
2886640
2632690
2878450
2788340
2771960
2640890
2878460
2788350
2886660
2632710
2870280
2788360
3107850
2771980
2640910
2632720
3116050
2624530
2870290
2771990
2640920
2886680
2624540
2788380
2640930
2878500
2780200
2640940
2886700
2632750
2624560
2788400
2772020
2878520
2624570
2870330
2788410
2886720
2632770
2878530
3116100
2624580
2870340
2780230
2624590
2788430
2772050
2640980
2886740
3124310
3116120
2624600
2640990
2886750
2632800
2878560
2624610
2870370
2788450
2641000
2886760
2878570
2870380
2788460
2780270
2886770
2878580
2780280
2772090
2886780
2632830
2624640
2870400
2641030
2886790
2632840
2870410
2788490
2772110
2641040
2886800
2632850
2624660
2780310
2772120
2641050
2886810
2878620
2624670
2780320
2772130
2641060
2878630
3116200
2624680
2780330
2772140
2641070
2886830
2878640
2624690
2780340
2632890
2878650
2870460
2641090
2886850
2632900
2878660
2870470
2780360
2641100
2632910
2878670
2624720
2870480
2788560
2780370
2641110
2878680
2624730
2788570
2780380
2772190
2886880
2632930
2878690
2624740
2788580
2780390
3124460
2624750
2870510
2788590
2780400
3124470
2878710
2624760
2788600
2780410
2886910
2624770
2788610
3124490
2878730
3116300
2624780
2870540
2641170
2886930
2624790
2870550
2862360
2788630
2624800
3108130
2772260
2641190
2886950
2878760
2624810
2870570
2862380
2886960
2878770
2624820
2862390
2780470
2772280
2641210
2886970
3116350
2624830
3108160
2862400
2780480
2772290
2633030
2624840
2772300
2641230
2886990
2633040
2878800
2870610
3108180
2780500
2641240
2878810
2870620
3108190
2780510
2772320
2870630
2862440
3132780
2633070
3116400
2862450
2887030
2633080
2878840
2878850
2624900
2788740
2862470
2780550
2633100
2878860
2624910
2870670
3108240
2862480
2772370
2641300
2633110
2878870
2624920
2772380
2641310
2887070
2878880
2624930
2870690
2862500
2780580
2772390
2887080
2633130
2878890
2624940
2788780
2862510
2780590
2633140
2624950
2788790
2772410
2641340
2887100
2633150
2624960
2788800
3108290
2862530
2780610
2772420
2641350
2887110
2788810
2862540
2780620
2772430
3124690
2633170
2624980
2878930
2788820
2772440
2887130
2633180
2878940
2624990
2870750
2862560
2788830
2780640
2772450
2641380
2625000
2870760
2788840
2772460
2633200
2625010
2788850
2862580
2780660
2772470
2633210
2788860
2862590
2772480
2641410
2887170
3124740
2633220
2625030
3108360
2780680
2772490
2641420
2887180
2633230
2878990
2625040
2772500
2641430
2879000
2625050
2870810
3108380
2862620
2788890
3124770
2633250
2879010
2788900
2772520
2641450
2879020
2788910
2780720
2772530
2641460
3124790
2879030
2788920
2772540
2633280
2879040
2788930
2772550
2641480
2887240
2879050
2625100
2788940
2641490
2633300
2788950
2862680
2780760
3124830
2879070
2625120
3108450
2780770
2772580
2641510
2633320
2879080
2788970
2772590
2641520
2633330
2879090
2625140
2870900
2862710
2788980
2780790
2772600
2641530
2887290
2625150
2870910
2862720
2780800
2772610
3124870
2633350
2625160
2879110
2862730
2789000
2780810
2772620
2641550
2879120
2625170
2780820
2772630
2641560
2633370
2879130
2625180
2789020
3108510
2772640
2887330
2633380
2625190
2870950
2772650
2641580
2887340
3124910
2633390
2862770
2772660
2641590
2887350
2633400
2879160
2625210
2870970
2862780
2772670
2887360
2633410
2625220
2789060
2641610
2633420
2879180
2625230
2780880
2641620
2887380
2633430
2625240
2633440
2871010
2772710
3124970
2879210
2871020
2780910
2772720
2633460
2879220
2871030
2887420
2879230
2871040
3108610
2862850
2780930
2772740
2641670
2633480
2879240
2625290
2871050
2862860
2780940
2772750
2641680
2887440
2633490
2879250
2625300
2871060
2780950
2772760
2633500
2879260
2871070
3108640
2633510
2871080
2789160
2780970
2641710
2879280
3116850
2625330
3108660
2871090
2641720
3125050
2625340
2780990
2772800
2641730
2879300
2625350
2862920
2772810
2641740
2633550
2879310
3108690
2781010
2772820
2641750
2633560
2879320
2871130
2781020
2633570
2625380
2871140
2772840
2887530
3125100
2879340
2625390
2871150
2781040
2641780
2887540
2879350
2781050
2887550
2879360
2781060
2772870
2641800
2887560
2633610
2625420
2871180
2862990
2789260
2772880
2641810
2887570
2625430
2871190
2789270
2772890
2641820
2633630
3125150
2625440
2789280
3108770
2641830
2887590
2633640
2879400
2625450
2871210
2863020
2633650
2625460
2789300
2863030
2781110
2772920
2633660
2863040
2772930
2641860
2633670
2879430
2625480
2871240
2789320
2781130
2772940
2887630
3125200
2633680
2879440
2789330
2863060
2887640
3125210
2633690
3108830
2863070
2641890
2887650
2789350
2863080
2772970
2641900
2887660
2879470
2781170
2641910
2887670
3125240
2871290
2789370
2879490
2871300
2789380
3108870
2781190
2773000
2641930
2887690
2633740
2871310
2781200
2773010
2641940
2633750
2789400
3108890
2781210
2773020
2641950
2633760
2879520
2625570
2871330
3108900
2789410
2887720
2633770
2879530
2625580
2871340
2781230
2773040
3125300
2879540
2625590
2871350
2863160
2781240
2641980
2887740
2625600
3108930
3125320
2871370
2863180
2773070
2642000
2633810
2625620
2789460
3108950
2863190
2642010
2887770
2781280
2642020
3125350
2633830
3117160
2773100
2642030
2887790
2633840
2773110
2642040
2887800
2633850
3108990
2781310
2773120
2642050
2633860
2879620
2625670
2789510
3109000
2863240
2887820
2633870
2879630
2871440
2789520
3109010
2642070
2633880
2789530
3109020
2773150
2642080
2633890
2625700
2871460
3109030
2773160
2642090
2887850
2625710
2871470
2773170
2642100
2887860
2633910
2625720
2871480
2863290
2781370
2773180
3133630
2887870
2879680
2625730
2789570
2781380
2642120
2887880
2879690
2625740
2871500
2863310
2887890
3125460
2633940
2625750
2863320
2781400
2773210
2887900
2633950
2625760
2871520
2863330
2773220
2633960
2625770
2863340
2781420
2773230
2887920
2633970
2879730
2625780
2871540
2863350
2781430
2887930
3125500
2633980
2625790
2879740
2773250
2887940
2633990
2879750
2625800
2781450
2773260
2887950
3125520
2634000
2625810
2871570
2789650
2781460
2773270
2642200
2625820
2871580
2789660
2642210
2625830
2871590
2789670
2773290
2642220
2879790
2625840
2871600
3109170
2863410
2789680
2781490
2642230
3125560
2634040
2625850
2871610
2781500
2773310
2888000
2634050
2879810
2625860
2781510
2888010
2634060
2789710
2863440
2781520
2773330
2634070
2879830
2625880
2789720
2773340
2642270
2888030
2773350
2642280
2888040
2625900
2789740
3109230
2773360
2888050
2634100
2625910
2789750
2642300
2888060
3125630
2634110
2879870
2871680
2789760
2634120
2625930
2871690
2789770
2642320
2634130
2871700
2789780
2773400
2642330
3125660
2634140
2625950
2789790
2888100
3125670
2634150
2625960
2871720
2863530
2888110
2625970
2871730
2634170
2879930
2625980
2871740
2888130
2879940
2625990
2789830
2781640
2773450
2888140
2634190
2626000
2789840
3109330
2863570
2773460
2888150
3125720
2626010
2871770
2863580
2888160
2634210
2879970
2626020
2863590
2781670
2888170
2634220
2879980
2626030
2789870
2634230
2626040
2871800
2863610
2781690
2888190
2634240
2880000
2871810
2863620
2781700
2773510
2626060
2871820
2634260
2626070
2871830
3109400
2789910
2781720
2773530
2642460
2634270
2626080
2871840
2863650
2781730
2773540
2642470
2888230
2880040
2626090
3109420
3134000
2642480
2626100
2871860
3109430
2863670
3125820
2634300
2871870
2789950
3109440
2781760
2773570
2642500
2888260
2634310
2880070
2626120
2789960
2863690
2773580
2642510
2888270
2634320
3117650
2871890
3109460
2773590
2642520
2888280
2626140
2789980
3109470
2863710
2773600
2642530
2888290
2880100
3109480
2773610
2634350
3117680
2871920
3109490
2642550
2880120
2626170
2790010
2773630
2642560
2888320
2634370
2626180
2871940
2790020
2642570
3125900
2642580
2888340
2880150
2626200
2871960
2790040
2888350
2634400
2880160
2626210
2871970
3109540
2642600
2880170
2626220
2790060
2634420
2880180
2871990
2790070
2781880
2773690
3134140
2642620
2880190
2626240
2872000
3109570
2863810
2790080
2773700
3117770
2773710
2642640
2888400
2634450
2880210
2790100
2863830
2773720
2642650
2888410
2880220
2626270
2872030
2863840
2888420
2634470
2872040
3109610
2863850
2773740
2888430
2872050
2790130
3109620
2863860
2642680
2634490
2872060
2790140
2863870
2781950
2888450
3126020
2880260
2626310
2872070
2863880
2790150
2781960
2642700
3126030
2634510
2626320
2773780
2888470
3126040
2872090
2781980
2773790
2642720
2888480
3126050
2872100
2790180
3126060
2880300
2872110
2790190
2782000
2773810
2642740
3126070
2634550
2626360
2880310
2872120
2782010
2642750
2626370
2872130
3109700
2790210
2782020
2773830
2642760
2888520
2634570
2626380
2790220
2773840
2642770
2634580
2880340
2626390
2872150
2790230
2782040
2773850
2642780
2888540
2634590
2880350
2626400
2790240
2782050
2773860
2634600
2880360
2626410
2773870
2634610
2880370
2790260
2782070
2773880
2642810
2888570
2634620
2880380
2626430
2864000
2773890
2642820
2888580
2634630
2880390
2626440
2790280
2864010
2782090
2773900
2642830
2880400
2626450
2872210
3109780
2790290
2773910
2634650
2880410
3117980
2626460
2790300
2642850
2634660
2880420
2626470
2872230
2642860
2888620
2634670
2880430
2872240
2790320
2642870
2634680
2880440
3118010
2634690
2790340
2864070
2642890
2888650
3126220
2626510
2872270
3109840
2782160
2888660
2634710
2790360
2782170
2888670
2634720
2880480
2864100
2782180
2642920
2880490
3118060
2626540
3109870
2782190
2642930
2888690
2634740
2880500
2782200
2774010
2642940
2634750
2626560
2790400
2782210
2642950
2634760
2880520
2634770
2782230
2774040
2642970
2888730
2880540
2774050
2642980
2888740
2626600
2872360
2782250
2774060
2642990
2634800
2880560
2790450
2782260
2774070
2643000
2888760
3126330
2864190
2782270
2774080
2643010
2634820
2864200
2782280
2643020
2634830
2782290
2634840
2626650
2864220
2782300
2774110
2634850
2790500
2782310
2774120
2790510
2888820
2634870
2880630
2626680
2790520
2864250
2774140
2643070
2880640
2626690
2790530
2864260
2774150
2643080
2880650
2864270
2782350
2643090
2888850
3126420
2880660
2626710
2790550
2864280
2634910
2880670
2626720
2774180
2643110
2888870
2634920
2880680
2626730
2864300
2782380
2888880
2634930
2626740
2864310
2774200
2634940
3118270
2790590
2864320
2774210
2626760
2872520
3110090
2774220
2634960
2880720
2872530
2790610
2864340
2782420
2880730
2626780
2872540
2782430
2774240
2626790
2872550
2864360
2774250
3126510
2626800
2888950
2635000
2880760
2782460
2774270
2888960
2635010
2872580
2782470
2774280
2643210
2888970
2880780
2626830
2872590
2864400
2790670
2782480
3126550
2635030
3118360
2626840
3110170
2880790
2782490
2774300
2643230
2635040
3110180
2864420
2889000
2880810
2790700
2864430
2782510
2643250
2635060
2880820
2626870
2782520
2643260
2635070
2880830
2626880
2872640
3110210
2864450
2774340
2643270
3126600
2635080
2626890
2880840
3110220
2872650
2774350
2643280
2635090
2880850
2626900
2864470
2782550
2889050
2635100
2880860
2626910
2774370
2643300
2880870
2626920
2872680
3110250
2864490
2782570
2774380
2643310
2889070
2635120
3110260
2864500
2774390
3134840
2626940
2872700
2864510
2774400
2643330
2635140
3110280
2864520
2774410
2643340
2889100
2626960
2872720
2790800
2889110
2635160
2626970
2872730
2864540
2782620
2643360
2889120
2635170
2880930
2790820
2782630
2774440
2643370
2635180
2872750
2790830
2782640
2643380
2889140
2635190
2627000
2782650
2774460
2635200
2880960
2872770
2790850
2774470
2643400
2889160
2635210
2880970
2872780
2864590
2782670
2635220
3118550
2627030
2864600
2782680
2643420
2635230
2880990
2627040
2872800
2782690
3134950
3118570
2864620
2774510
2643440
2635250
2881010
3118580
2635260
2881020
2627070
2872830
2790910
2782720
2774530
2635270
2872840
3110410
2782730
2774540
2643470
2872850
2864660
2782740
2774550
2643480
2635290
2872860
2864670
2774560
2872870
2790950
2881070
3118640
2627120
2790960
2774580
2643510
2889270
2635320
2881080
2872890
2790970
2864700
2782780
2774590
2643520
2635330
2627140
2782790
2774600
2643530
2635340
2627150
2872910
2864720
2790990
2889300
2635350
2881110
2627160
2872920
3110490
2774620
2643550
2889310
2635360
2881120
2872930
2791010
2782820
2643560
2881130
2872940
2791020
2864750
2774640
2643570
2889330
2635380
2881140
2872950
2864760
2774650
2635390
3118720
2627200
2872960
2864770
2782850
2774660
2889350
2881160
2627210
2872970
3110540
2864780
2782860
2889360
2627220
2872980
2864790
2791060
2782870
2643610
2889370
2872990
2791070
2864800
2782880
2774690
2643620
2635430
2627240
2774700
2643630
2889390
2627250
2791090
2782900
2774710
2635450
2782910
2774720
3126980
2635460
2627270
2881220
2864840
2791110
2643660
3126990
2635470
2881230
2873040
3110610
2864850
2782930
2774740
2643670
2635480
2873050
2782940
2774750
2643680
2635490
2881250
2627300
2873060
2774760
2635500
2881260
2627310
2873070
2791150
2643700
2889460
2635510
2881270
2627320
2873080
2791160
2774780
2643710
2881280
2873090
2791170
2782980
2774790
2635530
2873100
2782990
2774800
2873110
2774810
2643740
2627360
2791200
2783010
2774820
2643750
2627370
2873130
2864940
2791210
2783020
2774830
2643760
2627380
2864950
2774840
2889530
2635580
3118910
2627390
2873150
2864960
2791230
2783040
2643780
2889540
2774850
2791240
2864970
2783050
2774860
2889550
2881360
2791250
2864980
2774870
2643800
2635610
2627420
2864990
2774880
2889570
2873190
2791270
2865000
2774890
2889580
2881390
2865010
2774900
2643830
2889590
2635640
2873210
2791290
2865020
2783100
2774910
2635650
2873220
2791300
2865030
2774920
2643850
2889610
2881420
2873230
2791310
2865040
2889620
2627480
2873240
2791320
2783130
2643870
2889630
3127200
2635680
2873250
3110820
2783140
2774950
2643880
2889640
3127210
2627500
2873260
3110830
2865070
2791340
2783150
2643890
2889650
3127220
2635700
2627510
2873270
2783160
2774960
2774970
2627520
2783170
2774980
2643910
2635720
3119050
2791370
2774990
2643920
2889680
3127250
2635730
2627540
2873300
3110870
2775000
2643930
2889690
2635740
2627550
2791390
2783200
2635750
2865130
2635760
2881520
2865140
2775030
2643960
2889720
2635770
2627580
2865150
2775040
2643970
2889730
2635780
2881540
2873350
2865160
2643980
2889740
2635790
2881550
2791440
2865170
2775060
2643990
2635800
2644000
2881570
2627620
2873380
2865190
2783270
2889770
3119150
2627630
2865200
2791470
2783280
2775090
2644020
2889780
2635830
2627640
2865210
2775100
2635840
2881600
3119170
2873410
2783300
2775110
2644040
2635850
2881610
2873420
3110990
2783310
2775120
2635860
2881620
2627670
2873430
3111000
2783320
2775130
2635870
2881630
2627680
2791520
2865250
2775140
2644070
2889830
2635880
2791530
2865260
2783340
2775150
2644080
2635890
2881650
3119220
2775160
2644090
2627710
2775170
2644100
2889860
2635910
2881670
2791560
2865290
2644110
2889870
2635920
2627730
2873490
2791570
2783380
2775190
2644120
2889880
2635930
2627740
2873500
3111070
2865310
2775200
2627750
2873510
3111080
2865320
2783400
2775210
2644140
2635950
2881710
2627760
2791600
2865330
2783410
2775220
2881720
2627770
2791610
3111100
2783420
2644160
2627780
2791620
2865350
2783430
2644170
2627790
2873550
2865360
2644180
2635990
2627800
2873560
2865370
2791640
2644190
2889950
2881760
2791650
2783460
2775270
2889960
2627820
3111150
2783470
2881780
2627830
2889980
2636030
2627840
2873600
2865410
2775300
2644230
2889990
2636040
2881800
2873610
2890000
2881810
2627860
2791700
2644250
2890010
2873630
3111200
2783520
2775330
2644260
2890020
3127590
2881830
2627880
2873640
2791720
2890030
2636080
2881840
2627890
2783540
2775350
2890040
2636090
2627900
2791740
2783550
2775360
3127620
2627910
2873670
2644300
3127630
2636110
2627920
2636120
2873690
2865500
2783580
2775390
2644320
2881890
2627940
2873700
2865510
2791780
2644330
2890090
2791790
2865520
2783600
2775410
2644340
2890100
2627960
2873720
2865530
2791800
2783610
2890110
2881920
2873730
2791810
3111300
2865540
2775430
2644360
2890120
2881930
2627980
2873740
2865550
2791820
2783630
2775440
2890130
2627990
2865560
2783640
2644380
2890140
3127710
2873760
2783650
2775460
2890150
2636200
2628010
2783660
2644400
2881970
2873780
2791860
2865590
2783670
2775480
2644410
2890170
2636220
2783680
2775490
2890180
2636230
2881990
3119560
2873800
2783690
2775500
2791890
2865620
2783700
2775510
2644440
2890200
2628060
2873820
2865630
2791900
2783710
2775520
2890210
2636260
2628070
2865640
2890220
2628080
2873840
2783730
3127800
2791930
2865660
2775550
3127810
2628100
2873860
2783750
2775560
2890250
2636300
2882060
3119630
2873870
2865680
2791950
2890260
3127830
2636310
2628120
2873880
2783770
2775580
2644510
2890270
2628130
2873890
2791970
2644520
2636330
2791980
3111470
2783790
2644530
2890290
2882100
3119670
2865720
2783800
2644540
2636350
2628160
3111490
2865730
2644550
2636360
2882120
2628170
2644560
2636370
2628180
2865750
2783830
2890330
2636380
3119710
2628190
2873950
2865760
2792030
2783840
2644580
2890340
2636390
2873960
3111530
2783850
2882160
2873970
2783860
2775670
2890360
2628220
2873980
3111550
2865790
2783870
2644610
2890370
2636420
2783880
2775690
2890380
3111570
2865810
2783890
2644630
2628250
2874010
2644640
2636450
2792100
2865830
2644650
2636460
2882220
2628270
2792110
2865840
2783920
2644660
2628280
2865850
2644670
2890430
2636480
2792130
2865860
2644680
2890440
3128010
2636490
2628300
2865870
2783950
2890450
2636500
2882260
2874070
3111640
2865880
2644700
2636510
2628320
2865890
2783970
2644710
2890470
3128040
2882280
3119850
2628330
2874090
2865900
2783980
2890480
2636530
2882290
2628340
2874100
2865910
2783990
2644730
2628350
2874110
3111680
2865920
2784000
2890500
2636550
2628360
2874120
2865930
2792200
2784010
2644750
2890510
2628370
2874130
2865940
2792210
2784020
2775830
2890520
2636570
2882330
2628380
2874140
2865950
2792220
2784030
2775840
3128100
2882340
2628390
2874150
2784040
3128110
2636590
2628400
2882350
2865970
2784050
2890550
2636600
2882360
2628410
3111740
2644800
2890560
3128130
2636610
2628420
2874180
2792260
2784070
2775880
2890570
2636620
2874190
3111760
2866000
2784080
2775890
2644820
2636630
3119960
2784090
2628450
2874210
2792290
2644840
2890600
2636650
2882410
2874220
2792300
3111790
2866030
2784110
2644850
2874230
2866040
2775930
2644860
2890620
2636670
2882430
2792320
2784130
3136390
2644870
2890630
2882440
2874250
2784140
2775950
2644880
2890640
2882450
2874260
2792340
3111830
2866070
2784150
2882460
2792350
2775970
2644900
2890660
2636710
2628520
2874280
2792360
2644910
2890670
3120050
2628530
2792370
2644920
2882490
2628540
2874300
2866110
2890690
2882500
2776010
3128270
2628560
2792400
2866130
2784210
2792410
3111900
2866140
2784220
2776030
2644960
2890720
2636770
2628580
2874340
2792420
2784230
2644970
2636780
2882540
2628590
2874350
2784240
2776050
2644980
3128310
2636790
2628600
2882550
2874360
2792440
2784250
2644990
2890750
2636800
2628610
2866180
2645000
2882570
2628620
2792460
2645010
2882580
2628630
2792470
2866200
2784280
2776090
2645020
2890780
2636830
2882590
2628640
2866210
2784290
2776100
2645030
2882600
2620460
2866220
2784300
2776110
3136560
2890800
2636850
2874420
2792500
2866230
2645050
2890810
2874430
2792510
2866240
2776130
2645060
2890820
2636870
2628680
2792520
2866250
2776140
2645070
2882640
2874450
2792530
2620500
2636890
2792540
2866270
2645090
3120230
2628710
2874470
2784360
2776170
2645100
2890860
2636910
2628720
2792560
2620530
2776180
2645110
2628730
2792570
2620540
2784380
2776190
2645120
2890880
2636930
2882690
2628740
2874500
2620550
2776200
2890890
2882700
2628750
2792590
2620560
2866320
2776210
2645140
2636950
2882710
2620570
2645150
2890910
2636960
2628770
2792610
3112100
2620580
2784420
2776230
2890920
2628780
2620590
2784430
2776240
2645170
2636980
2620600
2784440
2890940
2792640
2620610
2866370
2784450
2637000
2792650
2620620
2645200
2890960
2628820
2792660
2620630
2866390
2784470
2890970
2637020
2882780
2628830
2620640
2866400
2784480
2776290
2645220
2882790
2792680
2866410
2890990
3128560
2882800
3120370
2628850
2620660
2874610
2866420
2776310
2637050
3120380
2628860
2866430
2792700
2784510
2776320
2645250
2669820
2637060
2882820
2792710
2669830
2620680
2645260
2891020
2882830
2628880
2874640
2866450
2784530
2776340
2891030
2637080
2882840
2792730
2620700
2784540
2645280
2891040
2882850
2628900
2874660
2620710
2866470
2792740
2784550
2645290
2637100
2874670
2669870
2620720
2645300
2637110
2882870
2628920
2792760
2866490
2669880
2891070
2628930
2669890
2882890
3120460
2628940
2620750
2866510
2792780
2784590
2891090
2776400
2637140
2882900
2628950
2874710
2784600
2669910
2776410
2645340
2637150
2628960
2792800
2620770
2866530
2784610
2776420
2645350
2637160
2669930
2620780
2866540
2637170
3120500
2874740
2620790
2866550
2792820
2776440
2669940
2637180
2882940
2669950
2866560
2784640
2776450
2637190
2882950
2792840
2669960
2620810
2645390
2629010
2669970
3112340
2866580
2784660
2645400
3128730
2637210
3120540
2882970
2874780
2866590
2792860
2776480
2645410
2669980
2637220
2882980
2629030
2669990
3112360
2866600
2784680
2776490
2645420
2891180
3128750
2882990
3120560
2874800
2792880
2784690
2670000
2645430
2891190
2629050
2670010
2784700
2645440
2891200
2792900
2620870
2866630
2784710
2883020
2792910
2670030
2620880
2776530
2891220
2883030
2874840
2792920
2670040
2776540
2645470
2891230
2883040
2670050
2620900
2866660
2776550
2645480
2883050
2874860
2670060
2866670
2776560
2883060
2874870
2670070
2866680
2784760
2891260
2883070
2629120
2874880
3112450
2620930
2866690
2784770
2645510
2776580
2670080
2874890
2670090
2620940
2866700
2784780
2776590
2891280
2637330
2883090
3120660
2629140
2620950
2874900
2670100
3120670
2670110
2784800
2891300
2883110
2670120
2620970
2866730
2629170
2874930
2620980
2866740
2784820
2776630
2645560
2670130
2883130
3120700
2629180
2874940
2866750
2776640
2670140
2629190
2793030
2670150
2776650
2645580
2891340
2629200
2793040
2621010
2784850
2670160
2645590
2891350
2874970
2670170
2866780
2883170
2629220
2874980
2621030
2866790
2793060
2670180
2645610
2891370
2629230
2793070
2621040
2866800
2776690
2891380
2883190
3120760
2875000
2621050
2784890
2776700
2891390
2891400
2629260
2866830
2784910
2776720
2645650
2883220
2629270
2875030
2621080
2866840
2793110
2784920
3120800
2629280
2621090
2866850
2776740
2645670
3129000
2883240
2629290
2875050
3112620
2621100
2784940
2776750
2891440
3129010
2793140
3112630
2621110
2866870
2776760
2883260
2629310
2793150
2621120
2866880
2776770
2645700
2883270
2629320
2621130
2776780
2645710
2883280
2875090
2621140
2866900
2784980
2645720
3120860
2629340
2621150
2875100
2866910
2776800
2883300
2629350
2875110
2866920
2670310
2776810
2645740
2629360
2793200
2785010
2776820
2629370
2875130
2793210
2785020
2645760
2629380
2793220
2866950
2785030
2776840
2670340
2645770
2629390
2875150
2621200
2866960
2776850
2670350
2883350
3120920
2670360
2866970
2785050
2776860
2629410
2793250
2621220
2785060
2670370
2883370
2629420
2875180
2793260
2785070
2776880
2670380
2883380
2629430
2875190
2670390
2883390
2875200
2793280
2621250
2867010
2785090
2670400
2645830
2883400
2875210
2793290
2621260
2670410
2776910
3129170
2883410
3120980
2875220
2793300
2785110
2776920
2645850
2883420
3120990
2629470
2621280
2875230
2867040
2793310
2645860
2785120
2883430
2776930
2793320
2785130
2645870
2629490
2621300
2867060
2785140
2645880
2875260
2793340
2867070
2785150
2670460
2645890
3129220
2883460
3121030
2875270
2621320
2867080
2793350
2776970
2645900
2670470
2883470
3121040
2629520
2621330
2875280
2867090
2785170
2645910
2776980
3121050
2793370
2867100
2785180
2776990
2670490
2645920
2883490
3121060
2875300
2621350
2785190
2777000
2645930
2629550
2875310
2621360
2793390
2785200
2777010
2645940
2670510
3121080
2629560
2785210
2670520
2777020
2645950
2883520
2621380
2867140
2785220
2777030
2883530
3112910
2867150
2645970
2875350
2793430
2621400
2785240
2777050
2645980
3121120
2621410
2785250
2777060
2629610
2875370
2867180
2793450
2785260
2777070
2646000
2670570
2875380
2670580
2621430
2867190
2785270
2646010
2793470
